version https://git-lfs.github.com/spec/v1
oid sha256:6a91ed87745d456d8249fda46f104b5ce5356b276dd15700d7e2835b4871e1de
size 5179312
